# Run Hotspots

- Plugin executions: 273

## Top 20 By Duration

| plugin_id | status | duration_ms | max_rss_kb | max_rss_bytes | exit_code |
|---|---:|---:|---:|---:|---:|
| report_bundle | ok | 504368 | 208348 | 213348352 | 0 |
| report_payout_report_v1 | ok | 23439 | 1513792 | 1550123008 | 0 |
| transform_sqlpack_materialize_v1 | ok | 2092 | 110520 | 113172480 | 0 |
| report_decision_bundle_v2 | ok | 1128 | 208348 | 213348352 | 0 |
| report_evidence_index_v1 | ok | 508 | 208348 | 213348352 | 0 |
| report_slide_kit_emitter_v2 | ok | 380 | 208348 | 213348352 | 0 |
| transform_cross_dataset_link_graph_v1 | ok | 354 | 110520 | 113172480 | 0 |
| transform_entity_resolution_map_v1 | ok | 204 | 110520 | 113172480 | 0 |
| report_plain_english_v1 | ok | 166 | 208348 | 213348352 | 0 |
| transform_sql_intents_pack_v1 | ok | 135 | 110520 | 113172480 | 0 |
| transform_template | ok | 87 | 110520 | 113172480 | 0 |
| analysis_action_search_mip_batched_scheduler_v1 | ok | 0 | null | null | 0 |
| analysis_action_search_simulated_annealing_v1 | ok | 0 | null | null | 0 |
| analysis_actionable_ops_levers_v1 | ok | 0 | null | null | 0 |
| analysis_aft_survival_lognormal_v1 | ok | 0 | null | null | 0 |
| analysis_anova_auto | ok | 0 | null | null | 0 |
| analysis_association_rules_apriori_v1 | ok | 0 | null | null | 0 |
| analysis_attribution | ok | 0 | null | null | 0 |
| analysis_bart_uplift_surrogate_v1 | ok | 0 | null | null | 0 |
| analysis_bayesian_online_changepoint_studentt_v1 | ok | 0 | null | null | 0 |

## Top 20 By RSS

| plugin_id | status | duration_ms | max_rss_kb | max_rss_bytes | exit_code |
|---|---:|---:|---:|---:|---:|
| report_payout_report_v1 | ok | 23439 | 1513792 | 1550123008 | 0 |
| report_bundle | ok | 504368 | 208348 | 213348352 | 0 |
| report_decision_bundle_v2 | ok | 1128 | 208348 | 213348352 | 0 |
| report_evidence_index_v1 | ok | 508 | 208348 | 213348352 | 0 |
| report_plain_english_v1 | ok | 166 | 208348 | 213348352 | 0 |
| report_slide_kit_emitter_v2 | ok | 380 | 208348 | 213348352 | 0 |
| transform_cross_dataset_link_graph_v1 | ok | 354 | 110520 | 113172480 | 0 |
| transform_entity_resolution_map_v1 | ok | 204 | 110520 | 113172480 | 0 |
| transform_sql_intents_pack_v1 | ok | 135 | 110520 | 113172480 | 0 |
| transform_sqlpack_materialize_v1 | ok | 2092 | 110520 | 113172480 | 0 |
| transform_template | ok | 87 | 110520 | 113172480 | 0 |
| analysis_action_search_mip_batched_scheduler_v1 | ok | 0 | null | null | 0 |
| analysis_action_search_simulated_annealing_v1 | ok | 0 | null | null | 0 |
| analysis_actionable_ops_levers_v1 | ok | 0 | null | null | 0 |
| analysis_aft_survival_lognormal_v1 | ok | 0 | null | null | 0 |
| analysis_anova_auto | ok | 0 | null | null | 0 |
| analysis_association_rules_apriori_v1 | ok | 0 | null | null | 0 |
| analysis_attribution | ok | 0 | null | null | 0 |
| analysis_bart_uplift_surrogate_v1 | ok | 0 | null | null | 0 |
| analysis_bayesian_online_changepoint_studentt_v1 | ok | 0 | null | null | 0 |
